
x = (0:1/44100:3*128/44100);

%100hz @200mv
y1 = [2368, 2212, 2377, 2381, 1993, 2397, 2388, 2393, 2396, 1791, 2400, 2415, 2415, 2412, 1777, 2417, 2412, 2420, 2454, 390, 2372, 2431, 2412, 2448, 920, 2439, 2425, 2440, 1967, 2429, 2493, 2449, 2450, 323, 2457, 2462, 2478, 2414, 288, 282, 2454, 2440, 2458, 2465, 1930, 2439, 2461, 2457, 1946, 917, 2458, 2448, 2457, 2460, 2460, 2461, 2453, 2485, 2004, 3998, 2453, 2453, 2455, 2458, 2445, 2423, 2449, 2424, 2076, 2442, 2442, 2437, 2439, 2309, 2437, 2490, 2429, 2426, 2117, 2421, 2421, 2417, 2412, 2151, 2403, 2400, 2402, 2400, 2177, 2376, 2394, 2387, 2384, 2224, 2378, 2370, 2369, 2364, 2358, 2360, 2355, 2352, 2349, 2201, 2345, 2337, 2333, 2330, 2280, 2324, 2317, 2308, 2310, 2306, 2317, 2338, 2305, 2284, 2295, 2286, 2286, 2277, 2256, 2341, 2260, 2276, 2245, 2244, 1645, 2212, 2235, 2191, 2215, 2175, 2210, 2173, 2121, 2166, 2400, 2181, 2153, 2155, 2147, 2129, 2125, 2123, 2121, 2112, 2116, 2114, 2107, 2112, 2105, 2106, 2106, 2093, 2093, 2094, 2109, 2089, 2089, 2079, 2074, 2072, 2069, 2055, 2052, 2064, 2454, 412, 2048, 2084, 2046, 4038, 2046, 2023, 2035, 2058, 2458, 2017, 2017, 1942, 1958, 3997, 1946, 1994, 1963, 1892, 2453, 1964, 1980, 1920, 1963, 1830, 1813, 1849, 1847, 2076, 1776, 1768, 1836, 1821, 1813, 394, 1806, 1875, 1829, 2083, 2421, 1864, 1787, 1727, 1768, 2888, 1743, 1723, 1746, 1749, 2394, 1626, 1735, 1728, 1719, 2152, 1724, 1717, 1712, 1694, 2355, 1700, 1716, 1675, 1699, 2337, 1695, 1712, 1685, 1682, 2317, 1674, 1659, 1662, 2348, 1661, 2070, 1685, 3703, 1663, 1680, 1743, 2256, 1642, 2047, 2054, 2245, 1650, 2115, 1637, 185, 1637, 1634, 1649, 2210, 1636, 1641, 1777, 1646, 2181, 1652, 1660, 1641, 1645, 3693, 1641, 1651, 1637, 1684, 1652, 1652, 1633, 1652, 1659, 3194, 1661, 1664, 1664, 1664, 1667, 1665, 1670, 1671, 1657, 1675, 1675, 1719, 1684, 1689, 1950, 1694, 1696, 1701, 1703, 2046, 1712, 1714, 1717, 1712, 1723, 1723, 1750, 1733, 1737, 1946, 1740, 1751, 1749, 1757, 1785, 1753, 1769, 1774, 1792, 1844, 1788, 1775, 1797, 1804, 1736, 1804, 1815, 1818, 1814, 1806, 1831, 1838, 1820, 1848, 1834, 1822, 1886, 1868, 1877, 1742, 1877, 1890, 1894, 1901, 1906, 1918, 1916, 1895, 1908, 1980, 1933, 1933, 1951, 1959, 1700, 1963, 1969, 1980, 1983, 1695, 1989, 2001, 2020, 2014, 1674, 2020, 2018, 2034, 2039, 2071, 2079, 2060, 2066, 2057, 1743, 2047, 2087, 2086, 2098, 2245, 2106,0];

%500hz @200mv
y2 = [1733, 1755, 2344, 2338, 1821, 2100, 2300, 2256, 2231, 1994, 2179, 2168, 2116, 2104, 2138, 491, 1945, 1944, 3488, 1893, 1837, 1814, 1787, 1761, 1731, 1712, 3506, 1685, 1650, 1655, 3160, 1650, 1644, 1646, 3946, 1662, 1677, 1673, 3973, 1704, 1741, 1779, 1794, 1817, 1867, 1873, 1898, 1925, 1925, 1981, 2007, 2027, 2084, 2096, 2129, 2137, 2182, 2225, 2209, 2262, 2285, 2306, 2346, 2361, 2371, 2388, 2392, 2418, 2417, 2441, 2423, 2454, 2457, 2464, 2449, 2456, 2454, 2468, 2439, 2431, 2417, 2406, 2372, 2389, 2352, 2338, 2311, 2301, 2283, 2239, 2209, 2179, 2169, 2159, 2096, 2072, 2060, 1991, 1946, 1932, 1927, 1898, 1856, 1807, 1820, 1802, 1748, 1744, 1752, 1717, 1696, 1698, 1622, 1678, 1661, 1653, 1646, 1644, 1614, 1650, 1649, 1644, 1670, 1662, 1677, 1682, 1715, 1745, 2420, 1771, 1794, 1835, 1853, 1814, 1891, 1917, 1950, 1994, 1977, 2051, 2059, 2090, 2138, 2161, 2176, 2197, 2238, 209, 2256, 2298, 2332, 2349, 835, 2385, 2402, 2416, 2430, 2440, 2440, 2453, 2452, 2459, 2455, 2466, 2456, 2452, 2437, 233, 2425, 2420, 2397, 2375, 1867, 2359, 2312, 2292, 2266, 701, 2235, 2189, 2160, 2132, 2129, 2079, 2044, 2019, 1989, 405, 1965, 1903, 1874, 1849, 1822, 1804, 1781, 1756, 1753, 1739, 1706, 1690, 1677, 1667, 186, 1650, 1650, 1645, 1644, 1648, 1648, 1656, 1652, 1673, 2352, 1690, 1716, 1728, 1748, 2718, 1756, 1816, 1834, 2159, 1889, 1943, 1973, 1991, 2010, 2029, 2083, 2116, 64, 1871, 2173, 2219, 2252, 1744, 1752, 2297, 2344, 2365, 1623, 1678, 2427, 2429, 2435, 1644, 399, 2451, 2458, 2446, 1670, 1662, 2456, 2442, 2434, 1745, 2420, 2409, 2381, 2358, 1853, 2308, 2317, 2271, 2246, 1994, 2190, 2194, 2112, 2110, 2138, 2076, 2017, 1991, 1949, 1933, 1871, 1913, 1839, 1820, 1795, 1785, 1785, 1742, 1725, 1707, 1707, 1680, 1672, 1664, 1651, 1646, 1648, 1645, 1647, 1704, 1680, 1652, 1667, 1683, 1867, 1693, 1709, 1743, 1767, 1789, 1979, 1831, 1875, 1879, 2129, 1937, 1938, 2034, 2027, 2197, 2072, 2131, 2137, 2181, 2198, 2224, 2249, 2273, 2274, 2448, 2325, 2319, 2378, 2394, 2472, 2416, 2420, 2451, 2450, 2520, 2456, 2461, 2454, 2455, 2352, 2452, 2449, 2426, 2414, 2207, 2399, 2374, 2332, 2304, 1889, 2291, 2275, 2224, 2199, 2029, 2172, 2123, 2078, 2048, 2173, 2029, 2000, 1928, 1913, 2297, 1884, 1863, 1811, 1793, 2426, 1736, 1746, 1706, 1696, 2450, 1682, 1672, 1649, 1646, 2456, 1646, 1654, 1648,0];

%1khz @200mv
y3 = [1804, 2318, 2093, 2204, 2257, 2319, 2457, 2399, 2415, 2436, 2450, 2407, 2459, 2450, 2432, 2411, 2378, 2304, 2291, 2248, 2200, 2140, 2077, 2019, 1957, 1899, 1541, 1798, 1758, 1720, 1691, 1663, 1660, 1650, 1644, 1654, 1674, 1672, 1732, 1769, 1983, 3650, 1862, 1976, 2029, 2207, 2357, 2198, 2251, 2299, 2441, 2378, 2378, 2439, 2458, 2449, 2371, 2462, 2432, 2412, 2536, 2304, 2336, 2248, 2193, 2141, 2140, 2022, 1963, 1864, 1853, 1806, 1806, 1719, 1700, 1606, 1670, 1646, 1646, 1655, 1775, 1674, 1725, 1763, 1805, 1990, 1917, 1851, 2014, 2080, 2313, 2068, 2269, 2295, 2341, 2461, 2377, 2346, 2456, 2461, 2520, 2457, 2377, 2411, 2384, 2183, 2340, 2299, 2201, 2114, 1899, 2085, 2028, 1912, 1864, 1693, 1845, 1769, 1696, 1673, 1655, 1671, 1647, 1650, 1673, 1812, 1690, 1677, 1804, 1852, 303, 1970, 1982, 2084, 2127, 2201, 2185, 2237, 2331, 2373, 2459, 2403, 2438, 2461, 2413, 2436, 2485, 2411, 2383, 2349, 2317, 2193, 2193, 2149, 2092, 2040, 1976, 1930, 1843, 1817, 1661, 1773, 1675, 1673, 1655, 1737, 1644, 1644, 1648, 1712, 1862, 1754, 1754, 1842, 1899, 1934, 1934, 666, 2128, 2183, 2378, 2280, 2284, 2367, 2406, 2462, 2432, 2458, 2460, 2455, 2336, 2426, 2392, 2351, 2313, 2262, 2276, 2281, 2093, 2059, 1806, 1926, 1926, 1827, 1781, 1622, 1750, 1680, 1655, 1649, 1725, 1637, 1651, 1685, 1717, 1883, 1755, 1838, 1890, 1930, 2773, 2005, 2061, 2154, 2226, 2154, 2342, 2313, 2399, 2425, 2441, 2445, 2454, 2454, 2473, 2299, 2420, 2394, 2316, 2265, 2028, 2212, 2160, 2044, 1987, 1769, 1878, 1784, 1750, 1671, 1703, 1634, 1646, 1812, 1651, 1713, 1747, 1852, 1845, 1941, 1980, 292, 2041, 2229, 2274, 2237, 2325, 2425, 2443, 2403, 2460, 2459, 2421, 2406, 2452, 2358, 2318, 2269, 2221, 2165, 2101, 2051, 1999, 1946, 1912, 1829, 1787, 1748, 1699, 1773, 1647, 1652, 1649, 1651, 1647, 1599, 1709, 1749, 1783, 1822, 1822, 1938, 2009, 2052, 1934, 2161, 2194, 2257, 2316, 2360, 2360, 2423, 2443, 2451, 2432, 2486, 2447, 2429, 2411, 2362, 2323, 2248, 2228, 2163, 2247, 2048, 1996, 1943, 1884, 1812, 1597, 1748, 1714, 1683, 1783, 1646, 1655, 1649, 1661, 1612, 1678, 1730, 1779, 1816, 1755, 1883, 1981, 2045, 2100, 2005, 2161, 2267, 2314, 2350, 2406, 2394, 2443, 2455, 2451, 2445, 2452, 2433, 2424, 2385, 2420, 2326, 2227, 2174, 2122, 2212, 2063, 1951, 1892, 1847, 1782, 1754, 1714, 1687, 1665, 1634, 1653, 1664, 1656, 1673,0];

%5khz @200mv
