output_voltage_07V_nofilter = [0.247 0.182;
                      0.248 0.183;
                      0.248 0.181;
                      0.248 0.182;
                      0.248 0.183;
                      0.248 0.182;
                      0.248 0.182;
                      0.248 0.180;
                      0.248 0.166;
                      0.247 0.127;
                      0.247 0.050;
                      0.246 0.004;
                      0.247 0.0039;
                      0.253 0.0039;
                      0.286 0.0039];
                  
output_voltage_07V_filter = [0.247 0.718;
                             0.248 0.72;
                             0.248 0.71;
                             0.248 0.712;
                             0.248 0.656;
                             0.248 0.296;
                             0.248 0.191;
                             0.248 0.179;
                             0.248 0.164;
                             0.247 0.126;
                             0.247 0.05;
                             0.247 0.008;
                             0.247 0.009;
                             0.253 0.009;
                             0.286 0.009];