output_voltage_07V_nofilter = [0.247 0.182;
                      0.248 0.183;
                      0.248 0.181;
                      0.248 0.182;
                      0.248 0.183;
                      0.248 0.182;
                      0.248 0.182;
                      0.248 0.180;
                      0.248 0.166;
                      0.247 0.127;
                      0.247 0.050;
                      0.246 0.004;
                      0.247 0.0039;
                      0.253 0.0039;
                      0.286 0.0039];
                  
output_voltage_07V_filter = [0.247 0.718;
                             0.248 0.72;
                             0.248 0.71;
                             0.248 0.712;
                             0.248 0.656;
                             0.248 0.296;
                             0.248 0.191;
                             0.248 0.179;
                             0.248 0.164;
                             0.247 0.126;
                             0.247 0.05;
                             0.247 0.008;
                             0.247 0.009;
                             0.253 0.009;
                             0.286 0.009];
                         
                         
output_07V_2014_05_19 = [1000 0.24815 0.7355;
                         1500 0.24811 0.7336;
                         2000 0.24808 0.7310;
                         2500 0.24806 0.7276;
                         3000 0.24803 0.7233;
                         3500 0.24801 0.7182;
                         4000 0.24800 0.7121;
                         4500 0.24796 0.7050;
                         5000 0.24793 0.6969;
                         5500 0.24791 0.6879;
                         6000 0.24787 0.6780;
                         6500 0.24785 0.6674;
                         7000 0.24782 0.6561;
                         7500 0.24780 0.6442;
                         8000 0.24777 0.6420;
                         8500 0.24774 0.6195;
                         9000 0.24772 0.6071;
                         9500 0.24768 0.5946;
                         10000 0.24764 0.5924;
                         10500 0.24761 0.5703;
                         11000 0.24757 0.5585;
                         11500 0.24754 0.5469;
                         12000 0.24749 0.5355;
                         12500 0.24746 0.5241;
                         13000 0.24726 0.57;
                         13500 0.24721 0.553;
                         14000 0.24719 0.522;
                         14500 0.24715 0.507;
                         15000 0.24711 0.499];
                     
                     
output_07V_final = [20      0.24822     0.68;
                    24.4    0.24825     0.68;
                    29.8    0.24822     0.68;
                    36.4    0.24816     0.68;
                    44.4    0.24813     0.681;
                    53.2    0.24809     0.681;
                    66.2    0.24805     0.682;
                    80.8    0.24803     0.682;
                    98.7    0.24802     0.683;
                    120.5   0.24801     0.684;
                    147.1   0.24801     0.685;
                    179.6   0.24799     0.68
                    